9153
4606.7
4464.5
4730.8
4185.2
5006.5
4301.4
4440.5
4159.9
3885.5
5162
4509.3
4333.8
4759.3
4191.8
4879.5
4839.3
4239.8
5648.8
3912.2
4231.8
3952
3853.9
4970.6
3914.6
4096.1
4583.6
4376.8
4091.9
4574
3933.9
4531.4
4264.2
3776
4325.6
4485.5
3740.9
4892.8
4538.4
4782.8
4766.9
4345.7
5285.3
4972.4
4788.2
4868.6
5203.1
4823.7
4872.4
5139.3
4628.1
6439.2
4293.5
4265.1
4181.5
3982
4715.2
3976
4073.8
4572.7
4104.3
4021.2
5077.7
4750.3
4595.4
4752.7
4304
5503.8
4230.3
4254.6
4607.4
3901.1
4353
4407.9
4355.4
3951.1
4496.1
3969
4565.8
4289.5
4178.7
4035.8
4077.6
8452.2
10470.4
5095.6
5755.1
5021.1
5991.5
6047.3
6175.6
5088.8
5352
4917.8
4204.7
5981.7
6272.5
4630.8
3961.9
4205.9
5227.8
4140.2
3997
4751
3729.2
3889.7
5204.5
4616.4
5344
4584.4
4829.7
5429.5
4274.6
3856.7
4246.6
4921.1
4364.5
4909.2
4052.2
3796.1
4189.5
4273.9
6033.6
5445.3
4611.5
5510.7
4347.6
4353.3
5074
4993.6
5956.6
5177.8
4701.5
5589.1
4303.6
5306.1
3730.2
4252.7
4884.5
4248.8
4170.8
4662.6
4003.4
4486.1
4645.8
4246.9
4483.7
4016.3
4076.6
4186.2
3939.5
5159.1
5483.3
4635
6298.5
6513.6
5062.6
5851.9
3911.2
4135.7
4990.9
3931.6
4124.8
4630.3
4424.4
6586.3
3972.2
3853.5
5510.7
4546.8
8165.1
5185.1
4783.1
4765.2
4602.3
6641.9
5103.9
6281.9
5589.9
6144.6
5473.8
6376.5
5622.1
6100.2
5954.6
6123.7
7244.7
6143.1
4878.3
4609.4
5120.2
4593.7
4281.1
4525.6
4520.7
5201.4
4124.2
4064.5
5156.4
4391.1
3996.9
5562.1
4313.8
4032.7
4303.8
4569.7
5583.5
4454.6
3890.2
4713.2
4097.5
4273.5
4688.8
4109.6
4704.9
5496.2
5316.5
4770.3
5104.5
5708.4
5138.4
5484.7
4382.2
4876.7
4545.6
5039.7
6154.4
4731.5
4684
16287.8
13278.6
5669.9
6847.4
5237.8
7858.4
10398.3
4775.4
5123.4
5445.6
6042.3
5608.1
5899.9
5848.9
4477.4
5410
5520.6
5236.8
4433.7
4716.8
6114.4
5051.9
4373.1
4836.9
5464.1
4540.6
5231.2
4347.6
4191.9
5279
4784.8
5538.2
5196.6
4609.6
5717.1
4394.1
5307.2
4056.6
4093.5
5775.1
5371.2
5950.5
4625.5
6201.8
5129.1
6928.2
5943.3
7421.2
6111.7
5090.6
4881.9
4441
6005.5
5824.4
9804.9
4714.7
8216.4
8876.7
5398.9
6053.2
4733.4
6047.7
5107.2
6478.1
4615.3
5517.6
4533.7
5456
5631.4
4739.2
6311.3
4481.6
4963.5
5624.6
5367.2
4770.3
4314
5728.8
5416.2
6182.4
6053.7
6151.8
14038.3
12440.4
4548.1
4631.3
4152.4
4112.4
6340.7
4098.4
3865.2
4608.5
4207.6
4015.2
4704.5
4004
4307.9
4276.2
3981.3
4260.7
4397.7
3967.1
4616.9
4693
5021.1
4333.8
4330
4340.2
4334.4
3999.3
4241.4
4290.1
4234.1
4117.2
4285
4394.1
4405.5
4424.6
4613.6
4644.8
5147.7
4064.3
4640.2
4477.3
4157.1
5181.5
4138.8
4073.5
4145.8
3932
4475
3990.6
5325.6
4535.5
4998.4
6372
4296.3
4221.5
4412.1
5059.8
6008.4
4518
4988.2
4441.8
4036.9
5859.9
4149.4
4292.3
4162.2
4123.5
5400.5
4868.3
4349.9
5714.6
4959.3
5228.5
4550.9
4100.9
4596.6
4394.4
4905.2
4566.5
4311.3
4855.3
4738.1
5016.4
4413.7
4604.7
4664.8
4319
5324.8
4754.9
4797.2
4837.2
4652.7
5170.6
5133.8
6181.8
4346.2
4260.5
5259.6
4382.3
3961.2
5962.8
4416.2
5283.3
4663.8
5847.1
9750.6
5841.1
5556.4
4560.7
4813.2
4751.9
6475.5
4819.1
4664.9
5052.6
5670
4823.8
5191
4198.8
4649.1
5991
4555.2
4433.3
4581.8
4943
4925.8
4415.4
4853.4
6044.1
5867.5
6846.5
5651.4
4880.3
4811.5
6403.7
4543.5
5856.6
4431.5
4568.7
5122
4605.6
4910.2
4550.3
4396.6
6270.9
4832.7
5123.5
5432.9
11146.4
6641.5
4644
5524.6
4662.3
4554.9
4402.8
4034
5879.8
4192.8
4584.9
4843.4
4149.9
5429.8
4130.8
4272.5
4796.7
4276.7
5061.7
4566.4
4168.8
4598
5003
5428.3
4008.1
4438.6
4729.2
3995.1
4256.2
6173.9
5858.8
8059
5232
5490
4911.5
4763.9
4237.3
5144
4740.8
4585
5538.8
4851.7
6296.1
5635.4
6191.1
4800.2
8365.4
5147.6
7082.7
4607.7
4437.8
4292.3
4427.9
4615
5133
5279.1
5039.9
4915.3
4227.5
4592.6
5473
4140.1
4878.5
4613.3
4560.7
5163.2
4001.8
3894
4907.6
4301.3
4197
4723.6
4265.3
5360
4418.9
4229.4
5382.4
4384
4835.3
5170.4
4786.5
6698
4726.6
5768.8
5440.1
6405.1
5267
5843.7
4713.4
5041
4281.7
4584.2
4486.8
4271.2
5538.7
4519.3
4373.6
4862.8
4165.3
4219.5
4767
4235.3
4738.1
3950.7
3890.1
4304.4
3809.5
3856.9
4119
3814.5
3839.5
5110.9
4076.5
3784.6
4326.9
3943.7
4361
4077.1
3994.4
4020.5
4116.3
3998.3
4617.3
4162.4
4185.2
4450.2
4135.7
4134.5
4876.1
4070.9
4711.2
4021.4
3821.3
4957.3
5219.4
4703.9
4432.5
4008.1
4308.4
4214.3
